force:
  x: -0.00022550551411536901
  y: 1.841419821730133
  z: -0.000675373940981509
torque:
  x: 0.042168514016725035
  y: 5.1640426247082776e-06
  z: -1.2929967898424431e-10
