force:
  x: -0.0002089529437006299
  y: 1.8207484824055054
  z: -0.2765968040876752
torque:
  x: 0.04169491930636581
  y: 4.737262499900172e-06
  z: 2.3605353674559584e-08
